7.5857 -5.9905 -1.2733 0.4165 1.7508 1.8890 -1.2558 0.1341 0.0000
7.5857 -5.9905 -1.2733 0.4165 1.7508 1.8890 -1.2558 0.5680 1.0000
7.8181 -2.8894 -1.5724 1.5776 3.2750 1.5681 -1.5804 0.9659 2.0000
12.1701 -2.8070 -1.5375 1.5335 3.2592 1.5682 -1.6180 0.9562 2.0000
11.3517 6.3147 -1.5930 1.6750 4.2158 1.6715 0.0011 0.9290 2.0000
16.7567 -2.8259 -1.4920 1.5518 3.4450 1.5401 -1.6063 0.9238 2.0000
4.2451 6.4591 -1.7002 1.7037 4.1889 1.5787 -0.0056 0.9234 2.0000
21.4609 -2.8487 -1.3872 1.6179 3.6102 1.5044 -1.5792 0.8688 2.0000
1.9886 -2.8543 -1.7737 1.6767 4.1243 1.5429 -1.5171 0.8562 2.0000
1.2687 6.6105 -1.7298 1.7024 4.0590 1.5698 3.1408 0.8394 2.0000
