3.9342 -23.2700 -1.6081 0.5759 0.5230 1.6869 2.1347 0.6851 0.0000
35.5808 -3.2838 -1.3822 0.4291 1.7519 1.7051 -1.6351 0.7013 1.0000
18.8419 -15.1259 -1.7051 1.6091 3.9937 1.4014 -0.2241 0.9444 2.0000
12.3146 -4.4694 -1.5510 1.8224 4.5290 1.7463 -1.1208 0.9135 2.0000
16.4737 -21.5139 -1.8601 1.6858 4.1498 1.4793 0.0180 0.8993 2.0000
16.3641 -27.4410 -2.0789 1.5952 3.4359 1.4759 0.0334 0.8474 2.0000
41.7176 4.0619 -1.2046 1.6056 4.0706 1.4991 -1.5648 0.7816 2.0000
40.7370 16.3788 -1.2130 1.6310 3.9915 1.4978 1.7824 0.7097 2.0000
59.2750 16.1812 -1.0568 1.4720 4.0204 1.4954 1.5105 0.6965 2.0000
16.6270 -39.0830 -1.8602 1.5674 3.7639 1.5054 0.1231 0.6305 2.0000
45.5973 14.6109 -1.1923 1.7244 3.9483 1.6332 -2.3856 0.5776 2.0000
23.2497 -7.5440 -1.6058 1.5489 4.2660 1.4467 0.0585 0.5529 2.0000
