7.5856 -5.9905 -1.2734 0.4168 1.7507 1.8889 -1.2556 0.1341 0
7.5856 -5.9905 -1.2734 0.4168 1.7507 1.8889 -1.2556 0.5679 1
7.8182 -2.8894 -1.5723 1.5776 3.2754 1.5679 -1.5804 0.9659 2
12.1700 -2.8070 -1.5376 1.5335 3.2595 1.5682 -1.6180 0.9562 2
11.3518 6.3147 -1.5930 1.6749 4.2157 1.6713 0.0011 0.9290 2
16.7568 -2.8259 -1.4920 1.5518 3.4450 1.5400 -1.6063 0.9237 2
4.2452 6.4591 -1.7001 1.7037 4.1887 1.5787 -0.0055 0.9233 2
21.4608 -2.8487 -1.3872 1.6179 3.6103 1.5042 -1.5792 0.8687 2
1.9884 -2.8543 -1.7735 1.6767 4.1242 1.5428 -1.5171 0.8562 2
1.2688 6.6105 -1.7296 1.7024 4.0586 1.5697 3.1408 0.8393 2
