7.7500 -5.2734 -1.6709 0.5723 0.7886 1.7559 1.2578 0.6782 0
8.8984 -1.6504 -1.4727 0.5044 1.0566 1.8555 2.9365 0.6543 0
2.0918 4.5898 -1.5879 0.6143 0.7344 1.7656 -0.5596 0.5981 0
8.1172 -8.1875 -1.4141 0.7852 0.6768 1.7354 2.2266 0.5308 0
7.0977 -3.1445 -1.5088 0.5527 1.1006 1.8184 -2.6162 0.4324 0
4.4258 -1.8066 -1.5410 0.5991 0.8379 1.7998 1.4883 0.4126 0
3.9590 5.7539 -1.6836 0.5967 1.0088 1.7334 -0.7686 0.3896 0
0.5879 3.0000 -1.6338 0.5449 0.6821 1.7090 -1.6289 0.3770 0
3.2656 5.0391 -1.4727 0.6226 0.8477 1.7168 -1.1279 0.2893 0
20.7188 15.2109 -2.0059 0.7017 0.9341 1.7422 2.8894 0.2457 0
12.0156 -5.7930 -1.3594 0.7207 1.0928 1.8623 -0.2020 0.2162 0
12.9219 -4.5273 -1.0166 0.7593 0.6777 1.7578 -0.0164 0.2120 0
4.0156 14.6719 -1.1602 0.5137 1.8838 1.6709 0.3574 0.3340 1
8.1406 -8.1875 -1.3916 0.8086 0.6694 1.7324 2.1133 0.1362 1
8.4141 13.2812 -1.2090 1.6641 3.7305 1.6553 0.0906 0.4646 2
0.6353 -20.2812 -0.8755 1.6289 3.9961 1.5674 -0.1125 0.3057 2
24.3750 19.0156 -1.7588 1.6436 4.1367 1.5020 1.9102 0.2211 2
